ccm =

    1.0000         0         0
    1.0000    0.3333         0
    1.0000    0.6667         0
    1.0000    1.0000         0
    0.6667    1.0000         0
    0.3333    1.0000         0
         0    1.0000         0
         0    1.0000    0.3333
         0    1.0000    0.6667
         0    1.0000    1.0000
         0    0.6667    1.0000
         0    0.3333    1.0000
         0         0    1.0000
    0.3333         0    1.0000
    0.6667         0    1.0000
    1.0000         0    1.0000
    1.0000         0    0.6667
    1.0000         0    0.3333