ccm =

    1.0000         0         0
    1.0000    0.1667         0
    1.0000    0.3333         0
    1.0000    0.5000         0
    1.0000    0.6667         0
    1.0000    0.8333         0
    1.0000    1.0000         0
    0.8333    1.0000         0
    0.6667    1.0000         0
    0.5000    1.0000         0
    0.3333    1.0000         0
    0.1667    1.0000         0
         0    1.0000         0
         0    1.0000    0.1667
         0    1.0000    0.3333
         0    1.0000    0.5000
         0    1.0000    0.6667
         0    1.0000    0.8333
         0    1.0000    1.0000
         0    0.8333    1.0000
         0    0.6667    1.0000
         0    0.5000    1.0000
         0    0.3333    1.0000
         0    0.1667    1.0000
         0         0    1.0000
    0.1667         0    1.0000
    0.3333         0    1.0000
    0.5000         0    1.0000
    0.6667         0    1.0000
    0.8333         0    1.0000
    1.0000         0    1.0000
    1.0000         0    0.8333
    1.0000         0    0.6667
    1.0000         0    0.5000
    1.0000         0    0.3333
    1.0000         0    0.1667